Accuracy: 0.708529107270845
Accuracy: 0.708529107270845
Accuracy: 0.708529107270845
Accuracy: 0.708529107270845
Accuracy: 0.7027027027027027
=====================================
Accuracy: 0.7027027027027027
Precision: 0.7142857142857143
Recall: 0.6756756756756757
F1: 0.6944444444444444
=====================================
=====================================
Accuracy: 0.6923076923076923
Precision: 0.7755905511811023
Recall: 0.5412087912087912
F1: 0.6375404530744337
=====================================
